Cycle 1
PC: 0000
Instruction: 00231022
Registers:
[0] 00000000
[1] 00000021
[2] 0000000a
[3] 0000000d
[4] 00000000
[5] 00000010
[6] 00000008
[7] 00000000
[8] 00000000
[9] 00000000
[10] 00000000
[11] 00000000
[12] 00000000
[13] 00000000
[14] 00000000
[15] 00000063
[16] 00000000
[17] 00000000
[18] 00000000
[19] 00000000
[20] 00000000
[21] 00000000
[22] 00000000
[23] 00000000
[24] 00000000
[25] 00000000
[26] 00000000
[27] 00000000
[28] 00000000
[29] 00000000
[30] 00000000
[31] 00000000
Memory I/O: 

Cycle 2
PC: 0004
Instruction: 00456024
Registers:
[0] 00000000
[1] 00000021
[2] 0000000a
[3] 0000000d
[4] 00000000
[5] 00000010
[6] 00000008
[7] 00000000
[8] 00000000
[9] 00000000
[10] 00000000
[11] 00000000
[12] 00000000
[13] 00000000
[14] 00000000
[15] 00000063
[16] 00000000
[17] 00000000
[18] 00000000
[19] 00000000
[20] 00000000
[21] 00000000
[22] 00000000
[23] 00000000
[24] 00000000
[25] 00000000
[26] 00000000
[27] 00000000
[28] 00000000
[29] 00000000
[30] 00000000
[31] 00000000
Memory I/O: 

Cycle 3
PC: 0008
Instruction: 00c26825
Registers:
[0] 00000000
[1] 00000021
[2] 0000000a
[3] 0000000d
[4] 00000000
[5] 00000010
[6] 00000008
[7] 00000000
[8] 00000000
[9] 00000000
[10] 00000000
[11] 00000000
[12] 00000000
[13] 00000000
[14] 00000000
[15] 00000063
[16] 00000000
[17] 00000000
[18] 00000000
[19] 00000000
[20] 00000000
[21] 00000000
[22] 00000000
[23] 00000000
[24] 00000000
[25] 00000000
[26] 00000000
[27] 00000000
[28] 00000000
[29] 00000000
[30] 00000000
[31] 00000000
Memory I/O: 

Cycle 4
PC: 000C
Instruction: 00427020
Registers:
[0] 00000000
[1] 00000021
[2] 0000000a
[3] 0000000d
[4] 00000000
[5] 00000010
[6] 00000008
[7] 00000000
[8] 00000000
[9] 00000000
[10] 00000000
[11] 00000000
[12] 00000000
[13] 00000000
[14] 00000000
[15] 00000063
[16] 00000000
[17] 00000000
[18] 00000000
[19] 00000000
[20] 00000000
[21] 00000000
[22] 00000000
[23] 00000000
[24] 00000000
[25] 00000000
[26] 00000000
[27] 00000000
[28] 00000000
[29] 00000000
[30] 00000000
[31] 00000000
Memory I/O: 

Cycle 5
PC: 0010
Instruction: ac4f0064
Registers:
[0] 00000000
[1] 00000021
[2] 00000014
[3] 0000000d
[4] 00000000
[5] 00000010
[6] 00000008
[7] 00000000
[8] 00000000
[9] 00000000
[10] 00000000
[11] 00000000
[12] 00000000
[13] 00000000
[14] 00000000
[15] 00000063
[16] 00000000
[17] 00000000
[18] 00000000
[19] 00000000
[20] 00000000
[21] 00000000
[22] 00000000
[23] 00000000
[24] 00000000
[25] 00000000
[26] 00000000
[27] 00000000
[28] 00000000
[29] 00000000
[30] 00000000
[31] 00000000
Memory I/O: 

Cycle 6
PC: 0014
Instruction: 1000ffff
Registers:
[0] 00000000
[1] 00000021
[2] 00000014
[3] 0000000d
[4] 00000000
[5] 00000010
[6] 00000008
[7] 00000000
[8] 00000000
[9] 00000000
[10] 00000000
[11] 00000000
[12] 00000000
[13] 00000000
[14] 00000000
[15] 00000063
[16] 00000000
[17] 00000000
[18] 00000000
[19] 00000000
[20] 00000000
[21] 00000000
[22] 00000000
[23] 00000000
[24] 00000000
[25] 00000000
[26] 00000000
[27] 00000000
[28] 00000000
[29] 00000000
[30] 00000000
[31] 00000000
Memory I/O: 

Cycle 7
PC: 0018
Instruction: 00000000
Registers:
[0] 00000000
[1] 00000021
[2] 00000014
[3] 0000000d
[4] 00000000
[5] 00000010
[6] 00000008
[7] 00000000
[8] 00000000
[9] 00000000
[10] 00000000
[11] 00000000
[12] 00000000
[13] 0000000a
[14] 00000000
[15] 00000063
[16] 00000000
[17] 00000000
[18] 00000000
[19] 00000000
[20] 00000000
[21] 00000000
[22] 00000000
[23] 00000000
[24] 00000000
[25] 00000000
[26] 00000000
[27] 00000000
[28] 00000000
[29] 00000000
[30] 00000000
[31] 00000000
Memory I/O: 

Cycle 8
PC: 001C
Instruction: 00000000
Registers:
[0] 00000000
[1] 00000021
[2] 00000014
[3] 0000000d
[4] 00000000
[5] 00000010
[6] 00000008
[7] 00000000
[8] 00000000
[9] 00000000
[10] 00000000
[11] 00000000
[12] 00000000
[13] 0000000a
[14] 00000028
[15] 00000063
[16] 00000000
[17] 00000000
[18] 00000000
[19] 00000000
[20] 00000000
[21] 00000000
[22] 00000000
[23] 00000000
[24] 00000000
[25] 00000000
[26] 00000000
[27] 00000000
[28] 00000000
[29] 00000000
[30] 00000000
[31] 00000000
Memory I/O: W 4 0078 0063

Cycle 9
PC: 0020
Instruction: 00000000
Registers:
[0] 00000000
[1] 00000021
[2] 00000014
[3] 0000000d
[4] 00000000
[5] 00000010
[6] 00000008
[7] 00000000
[8] 00000000
[9] 00000000
[10] 00000000
[11] 00000000
[12] 00000000
[13] 0000000a
[14] 00000028
[15] 00000063
[16] 00000000
[17] 00000000
[18] 00000000
[19] 00000000
[20] 00000000
[21] 00000000
[22] 00000000
[23] 00000000
[24] 00000000
[25] 00000000
[26] 00000000
[27] 00000000
[28] 00000000
[29] 00000000
[30] 00000000
[31] 00000000
Memory I/O: 

Cycle 10
PC: 0024
Instruction: 00000000
Registers:
[0] 00000000
[1] 00000021
[2] 00000014
[3] 0000000d
[4] 00000000
[5] 00000010
[6] 00000008
[7] 00000000
[8] 00000000
[9] 00000000
[10] 00000000
[11] 00000000
[12] 00000000
[13] 0000000a
[14] 00000028
[15] 00000063
[16] 00000000
[17] 00000000
[18] 00000000
[19] 00000000
[20] 00000000
[21] 00000000
[22] 00000000
[23] 00000000
[24] 00000000
[25] 00000000
[26] 00000000
[27] 00000000
[28] 00000000
[29] 00000000
[30] 00000000
[31] 00000000
Memory I/O: 

Cycle 11
PC: 0028
Instruction: 00000000
Registers:
[0] 00000000
[1] 00000021
[2] 00000014
[3] 0000000d
[4] 00000000
[5] 00000010
[6] 00000008
[7] 00000000
[8] 00000000
[9] 00000000
[10] 00000000
[11] 00000000
[12] 00000000
[13] 0000000a
[14] 00000028
[15] 00000063
[16] 00000000
[17] 00000000
[18] 00000000
[19] 00000000
[20] 00000000
[21] 00000000
[22] 00000000
[23] 00000000
[24] 00000000
[25] 00000000
[26] 00000000
[27] 00000000
[28] 00000000
[29] 00000000
[30] 00000000
[31] 00000000
Memory I/O: 
