Cycle 1
PC: 0000
Instruction: 3c0d0123
Registers:
[0] 00000000
[1] 00000000
[2] 00000000
[3] 00000000
[4] 00000000
[5] 00000000
[6] 00000000
[7] 00000000
[8] 00000000
[9] 00000000
[10] 00000000
[11] 00000000
[12] 00000000
[13] 00000000
[14] 00000000
[15] 00000000
[16] 00000000
[17] 00000000
[18] 00000000
[19] 00000000
[20] 00000000
[21] 00000000
[22] 00000000
[23] 00000000
[24] 00000000
[25] 00000000
[26] 00000000
[27] 00000000
[28] 00000000
[29] 00000000
[30] 00000000
[31] 00000000
Memory I/O: 

Cycle 2
PC: 0004
Instruction: 35ad4567
Registers:
[0] 00000000
[1] 00000000
[2] 00000000
[3] 00000000
[4] 00000000
[5] 00000000
[6] 00000000
[7] 00000000
[8] 00000000
[9] 00000000
[10] 00000000
[11] 00000000
[12] 00000000
[13] 00000000
[14] 00000000
[15] 00000000
[16] 00000000
[17] 00000000
[18] 00000000
[19] 00000000
[20] 00000000
[21] 00000000
[22] 00000000
[23] 00000000
[24] 00000000
[25] 00000000
[26] 00000000
[27] 00000000
[28] 00000000
[29] 00000000
[30] 00000000
[31] 00000000
Memory I/O: 

Cycle 3
PC: 0008
Instruction: 3c0e89ab
Registers:
[0] 00000000
[1] 00000000
[2] 00000000
[3] 00000000
[4] 00000000
[5] 00000000
[6] 00000000
[7] 00000000
[8] 00000000
[9] 00000000
[10] 00000000
[11] 00000000
[12] 00000000
[13] 00000000
[14] 00000000
[15] 00000000
[16] 00000000
[17] 00000000
[18] 00000000
[19] 00000000
[20] 00000000
[21] 00000000
[22] 00000000
[23] 00000000
[24] 00000000
[25] 00000000
[26] 00000000
[27] 00000000
[28] 00000000
[29] 00000000
[30] 00000000
[31] 00000000
Memory I/O: 

Cycle 4
PC: 000C
Instruction: 35cecdef
Registers:
[0] 00000000
[1] 00000000
[2] 00000000
[3] 00000000
[4] 00000000
[5] 00000000
[6] 00000000
[7] 00000000
[8] 00000000
[9] 00000000
[10] 00000000
[11] 00000000
[12] 00000000
[13] 00000000
[14] 00000000
[15] 00000000
[16] 00000000
[17] 00000000
[18] 00000000
[19] 00000000
[20] 00000000
[21] 00000000
[22] 00000000
[23] 00000000
[24] 00000000
[25] 00000000
[26] 00000000
[27] 00000000
[28] 00000000
[29] 00000000
[30] 00000000
[31] 00000000
Memory I/O: 

Cycle 5
PC: 0010
Instruction: 3c0fa0b1
Registers:
[0] 00000000
[1] 00000000
[2] 00000000
[3] 00000000
[4] 00000000
[5] 00000000
[6] 00000000
[7] 00000000
[8] 00000000
[9] 00000000
[10] 00000000
[11] 00000000
[12] 00000000
[13] 01230000
[14] 00000000
[15] 00000000
[16] 00000000
[17] 00000000
[18] 00000000
[19] 00000000
[20] 00000000
[21] 00000000
[22] 00000000
[23] 00000000
[24] 00000000
[25] 00000000
[26] 00000000
[27] 00000000
[28] 00000000
[29] 00000000
[30] 00000000
[31] 00000000
Memory I/O: 

Cycle 6
PC: 0014
Instruction: 35efc2d3
Registers:
[0] 00000000
[1] 00000000
[2] 00000000
[3] 00000000
[4] 00000000
[5] 00000000
[6] 00000000
[7] 00000000
[8] 00000000
[9] 00000000
[10] 00000000
[11] 00000000
[12] 00000000
[13] 01234567
[14] 00000000
[15] 00000000
[16] 00000000
[17] 00000000
[18] 00000000
[19] 00000000
[20] 00000000
[21] 00000000
[22] 00000000
[23] 00000000
[24] 00000000
[25] 00000000
[26] 00000000
[27] 00000000
[28] 00000000
[29] 00000000
[30] 00000000
[31] 00000000
Memory I/O: 

Cycle 7
PC: 0018
Instruction: 3c189988
Registers:
[0] 00000000
[1] 00000000
[2] 00000000
[3] 00000000
[4] 00000000
[5] 00000000
[6] 00000000
[7] 00000000
[8] 00000000
[9] 00000000
[10] 00000000
[11] 00000000
[12] 00000000
[13] 01234567
[14] 89ab0000
[15] 00000000
[16] 00000000
[17] 00000000
[18] 00000000
[19] 00000000
[20] 00000000
[21] 00000000
[22] 00000000
[23] 00000000
[24] 00000000
[25] 00000000
[26] 00000000
[27] 00000000
[28] 00000000
[29] 00000000
[30] 00000000
[31] 00000000
Memory I/O: 

Cycle 8
PC: 001C
Instruction: 37182211
Registers:
[0] 00000000
[1] 00000000
[2] 00000000
[3] 00000000
[4] 00000000
[5] 00000000
[6] 00000000
[7] 00000000
[8] 00000000
[9] 00000000
[10] 00000000
[11] 00000000
[12] 00000000
[13] 01234567
[14] 89abcdef
[15] 00000000
[16] 00000000
[17] 00000000
[18] 00000000
[19] 00000000
[20] 00000000
[21] 00000000
[22] 00000000
[23] 00000000
[24] 00000000
[25] 00000000
[26] 00000000
[27] 00000000
[28] 00000000
[29] 00000000
[30] 00000000
[31] 00000000
Memory I/O: 

Cycle 9
PC: 0020
Instruction: 34040100
Registers:
[0] 00000000
[1] 00000000
[2] 00000000
[3] 00000000
[4] 00000000
[5] 00000000
[6] 00000000
[7] 00000000
[8] 00000000
[9] 00000000
[10] 00000000
[11] 00000000
[12] 00000000
[13] 01234567
[14] 89abcdef
[15] a0b10000
[16] 00000000
[17] 00000000
[18] 00000000
[19] 00000000
[20] 00000000
[21] 00000000
[22] 00000000
[23] 00000000
[24] 00000000
[25] 00000000
[26] 00000000
[27] 00000000
[28] 00000000
[29] 00000000
[30] 00000000
[31] 00000000
Memory I/O: 

Cycle 10
PC: 0024
Instruction: 34050000
Registers:
[0] 00000000
[1] 00000000
[2] 00000000
[3] 00000000
[4] 00000000
[5] 00000000
[6] 00000000
[7] 00000000
[8] 00000000
[9] 00000000
[10] 00000000
[11] 00000000
[12] 00000000
[13] 01234567
[14] 89abcdef
[15] a0b1c2d3
[16] 00000000
[17] 00000000
[18] 00000000
[19] 00000000
[20] 00000000
[21] 00000000
[22] 00000000
[23] 00000000
[24] 00000000
[25] 00000000
[26] 00000000
[27] 00000000
[28] 00000000
[29] 00000000
[30] 00000000
[31] 00000000
Memory I/O: 

Cycle 11
PC: 0028
Instruction: 34060004
Registers:
[0] 00000000
[1] 00000000
[2] 00000000
[3] 00000000
[4] 00000000
[5] 00000000
[6] 00000000
[7] 00000000
[8] 00000000
[9] 00000000
[10] 00000000
[11] 00000000
[12] 00000000
[13] 01234567
[14] 89abcdef
[15] a0b1c2d3
[16] 00000000
[17] 00000000
[18] 00000000
[19] 00000000
[20] 00000000
[21] 00000000
[22] 00000000
[23] 00000000
[24] 99880000
[25] 00000000
[26] 00000000
[27] 00000000
[28] 00000000
[29] 00000000
[30] 00000000
[31] 00000000
Memory I/O: 

Cycle 12
PC: 002C
Instruction: 08000013
Registers:
[0] 00000000
[1] 00000000
[2] 00000000
[3] 00000000
[4] 00000000
[5] 00000000
[6] 00000000
[7] 00000000
[8] 00000000
[9] 00000000
[10] 00000000
[11] 00000000
[12] 00000000
[13] 01234567
[14] 89abcdef
[15] a0b1c2d3
[16] 00000000
[17] 00000000
[18] 00000000
[19] 00000000
[20] 00000000
[21] 00000000
[22] 00000000
[23] 00000000
[24] 99882211
[25] 00000000
[26] 00000000
[27] 00000000
[28] 00000000
[29] 00000000
[30] 00000000
[31] 00000000
Memory I/O: 

Cycle 13
PC: 002C
Instruction: 08000013
Registers:
[0] 00000000
[1] 00000000
[2] 00000000
[3] 00000000
[4] 00000100
[5] 00000000
[6] 00000000
[7] 00000000
[8] 00000000
[9] 00000000
[10] 00000000
[11] 00000000
[12] 00000000
[13] 01234567
[14] 89abcdef
[15] a0b1c2d3
[16] 00000000
[17] 00000000
[18] 00000000
[19] 00000000
[20] 00000000
[21] 00000000
[22] 00000000
[23] 00000000
[24] 99882211
[25] 00000000
[26] 00000000
[27] 00000000
[28] 00000000
[29] 00000000
[30] 00000000
[31] 00000000
Memory I/O: 

Cycle 14
PC: 002C
Instruction: 08000013
Registers:
[0] 00000000
[1] 00000000
[2] 00000000
[3] 00000000
[4] 00000100
[5] 00000000
[6] 00000000
[7] 00000000
[8] 00000000
[9] 00000000
[10] 00000000
[11] 00000000
[12] 00000000
[13] 01234567
[14] 89abcdef
[15] a0b1c2d3
[16] 00000000
[17] 00000000
[18] 00000000
[19] 00000000
[20] 00000000
[21] 00000000
[22] 00000000
[23] 00000000
[24] 99882211
[25] 00000000
[26] 00000000
[27] 00000000
[28] 00000000
[29] 00000000
[30] 00000000
[31] 00000000
Memory I/O: 

Cycle 15
PC: 002C
Instruction: 08000013
Registers:
[0] 00000000
[1] 00000000
[2] 00000000
[3] 00000000
[4] 00000100
[5] 00000000
[6] 00000004
[7] 00000000
[8] 00000000
[9] 00000000
[10] 00000000
[11] 00000000
[12] 00000000
[13] 01234567
[14] 89abcdef
[15] a0b1c2d3
[16] 00000000
[17] 00000000
[18] 00000000
[19] 00000000
[20] 00000000
[21] 00000000
[22] 00000000
[23] 00000000
[24] 99882211
[25] 00000000
[26] 00000000
[27] 00000000
[28] 00000000
[29] 00000000
[30] 00000000
[31] 00000000
Memory I/O: 

Cycle 16
PC: 004C
Instruction: ac8d0000
Registers:
[0] 00000000
[1] 00000000
[2] 00000000
[3] 00000000
[4] 00000100
[5] 00000000
[6] 00000004
[7] 00000000
[8] 00000000
[9] 00000000
[10] 00000000
[11] 00000000
[12] 00000000
[13] 01234567
[14] 89abcdef
[15] a0b1c2d3
[16] 00000000
[17] 00000000
[18] 00000000
[19] 00000000
[20] 00000000
[21] 00000000
[22] 00000000
[23] 00000000
[24] 99882211
[25] 00000000
[26] 00000000
[27] 00000000
[28] 00000000
[29] 00000000
[30] 00000000
[31] 00000000
Memory I/O: 

Cycle 17
PC: 0050
Instruction: ac8e0004
Registers:
[0] 00000000
[1] 00000000
[2] 00000000
[3] 00000000
[4] 00000100
[5] 00000000
[6] 00000004
[7] 00000000
[8] 00000000
[9] 00000000
[10] 00000000
[11] 00000000
[12] 00000000
[13] 01234567
[14] 89abcdef
[15] a0b1c2d3
[16] 00000000
[17] 00000000
[18] 00000000
[19] 00000000
[20] 00000000
[21] 00000000
[22] 00000000
[23] 00000000
[24] 99882211
[25] 00000000
[26] 00000000
[27] 00000000
[28] 00000000
[29] 00000000
[30] 00000000
[31] 00000000
Memory I/O: 

Cycle 18
PC: 0054
Instruction: ac8f0008
Registers:
[0] 00000000
[1] 00000000
[2] 00000000
[3] 00000000
[4] 00000100
[5] 00000000
[6] 00000004
[7] 00000000
[8] 00000000
[9] 00000000
[10] 00000000
[11] 00000000
[12] 00000000
[13] 01234567
[14] 89abcdef
[15] a0b1c2d3
[16] 00000000
[17] 00000000
[18] 00000000
[19] 00000000
[20] 00000000
[21] 00000000
[22] 00000000
[23] 00000000
[24] 99882211
[25] 00000000
[26] 00000000
[27] 00000000
[28] 00000000
[29] 00000000
[30] 00000000
[31] 00000000
Memory I/O: 

Cycle 19
PC: 0058
Instruction: ac98000c
Registers:
[0] 00000000
[1] 00000000
[2] 00000000
[3] 00000000
[4] 00000100
[5] 00000000
[6] 00000004
[7] 00000000
[8] 00000000
[9] 00000000
[10] 00000000
[11] 00000000
[12] 00000000
[13] 01234567
[14] 89abcdef
[15] a0b1c2d3
[16] 00000000
[17] 00000000
[18] 00000000
[19] 00000000
[20] 00000000
[21] 00000000
[22] 00000000
[23] 00000000
[24] 99882211
[25] 00000000
[26] 00000000
[27] 00000000
[28] 00000000
[29] 00000000
[30] 00000000
[31] 00000000
Memory I/O: W 4 0100 01234567

Cycle 20
PC: 005C
Instruction: 0c00000c
Registers:
[0] 00000000
[1] 00000000
[2] 00000000
[3] 00000000
[4] 00000100
[5] 00000000
[6] 00000004
[7] 00000000
[8] 00000000
[9] 00000000
[10] 00000000
[11] 00000000
[12] 00000000
[13] 01234567
[14] 89abcdef
[15] a0b1c2d3
[16] 00000000
[17] 00000000
[18] 00000000
[19] 00000000
[20] 00000000
[21] 00000000
[22] 00000000
[23] 00000000
[24] 99882211
[25] 00000000
[26] 00000000
[27] 00000000
[28] 00000000
[29] 00000000
[30] 00000000
[31] 00000000
Memory I/O: W 4 0104 89abcdef

Cycle 21
PC: 005C
Instruction: 0c00000c
Registers:
[0] 00000000
[1] 00000000
[2] 00000000
[3] 00000000
[4] 00000100
[5] 00000000
[6] 00000004
[7] 00000000
[8] 00000000
[9] 00000000
[10] 00000000
[11] 00000000
[12] 00000000
[13] 01234567
[14] 89abcdef
[15] a0b1c2d3
[16] 00000000
[17] 00000000
[18] 00000000
[19] 00000000
[20] 00000000
[21] 00000000
[22] 00000000
[23] 00000000
[24] 99882211
[25] 00000000
[26] 00000000
[27] 00000000
[28] 00000000
[29] 00000000
[30] 00000000
[31] 00000000
Memory I/O: W 4 0108 a0b1c2d3

Cycle 22
PC: 005C
Instruction: 0c00000c
Registers:
[0] 00000000
[1] 00000000
[2] 00000000
[3] 00000000
[4] 00000100
[5] 00000000
[6] 00000004
[7] 00000000
[8] 00000000
[9] 00000000
[10] 00000000
[11] 00000000
[12] 00000000
[13] 01234567
[14] 89abcdef
[15] a0b1c2d3
[16] 00000000
[17] 00000000
[18] 00000000
[19] 00000000
[20] 00000000
[21] 00000000
[22] 00000000
[23] 00000000
[24] 99882211
[25] 00000000
[26] 00000000
[27] 00000000
[28] 00000000
[29] 00000000
[30] 00000000
[31] 00000000
Memory I/O: W 4 010c 99882211

Cycle 23
PC: 005C
Instruction: 0c00000c
Registers:
[0] 00000000
[1] 00000000
[2] 00000000
[3] 00000000
[4] 00000100
[5] 00000000
[6] 00000004
[7] 00000000
[8] 00000000
[9] 00000000
[10] 00000000
[11] 00000000
[12] 00000000
[13] 01234567
[14] 89abcdef
[15] a0b1c2d3
[16] 00000000
[17] 00000000
[18] 00000000
[19] 00000000
[20] 00000000
[21] 00000000
[22] 00000000
[23] 00000000
[24] 99882211
[25] 00000000
[26] 00000000
[27] 00000000
[28] 00000000
[29] 00000000
[30] 00000000
[31] 00000000
Memory I/O: 

Cycle 24
PC: 0030
Instruction: 00054880
Registers:
[0] 00000000
[1] 00000000
[2] 00000000
[3] 00000000
[4] 00000100
[5] 00000000
[6] 00000004
[7] 00000000
[8] 00000000
[9] 00000000
[10] 00000000
[11] 00000000
[12] 00000000
[13] 01234567
[14] 89abcdef
[15] a0b1c2d3
[16] 00000000
[17] 00000000
[18] 00000000
[19] 00000000
[20] 00000000
[21] 00000000
[22] 00000000
[23] 00000000
[24] 99882211
[25] 00000000
[26] 00000000
[27] 00000000
[28] 00000000
[29] 00000000
[30] 00000000
[31] 00000060
Memory I/O: 

Cycle 25
PC: 0034
Instruction: 00894820
Registers:
[0] 00000000
[1] 00000000
[2] 00000000
[3] 00000000
[4] 00000100
[5] 00000000
[6] 00000004
[7] 00000000
[8] 00000000
[9] 00000000
[10] 00000000
[11] 00000000
[12] 00000000
[13] 01234567
[14] 89abcdef
[15] a0b1c2d3
[16] 00000000
[17] 00000000
[18] 00000000
[19] 00000000
[20] 00000000
[21] 00000000
[22] 00000000
[23] 00000000
[24] 99882211
[25] 00000000
[26] 00000000
[27] 00000000
[28] 00000000
[29] 00000000
[30] 00000000
[31] 00000060
Memory I/O: 

Cycle 26
PC: 0038
Instruction: 8d280000
Registers:
[0] 00000000
[1] 00000000
[2] 00000000
[3] 00000000
[4] 00000100
[5] 00000000
[6] 00000004
[7] 00000000
[8] 00000000
[9] 00000000
[10] 00000000
[11] 00000000
[12] 00000000
[13] 01234567
[14] 89abcdef
[15] a0b1c2d3
[16] 00000000
[17] 00000000
[18] 00000000
[19] 00000000
[20] 00000000
[21] 00000000
[22] 00000000
[23] 00000000
[24] 99882211
[25] 00000000
[26] 00000000
[27] 00000000
[28] 00000000
[29] 00000000
[30] 00000000
[31] 00000060
Memory I/O: 

Cycle 27
PC: 003C
Instruction: 852a0004
Registers:
[0] 00000000
[1] 00000000
[2] 00000000
[3] 00000000
[4] 00000100
[5] 00000000
[6] 00000004
[7] 00000000
[8] 00000000
[9] 00000000
[10] 00000000
[11] 00000000
[12] 00000000
[13] 01234567
[14] 89abcdef
[15] a0b1c2d3
[16] 00000000
[17] 00000000
[18] 00000000
[19] 00000000
[20] 00000000
[21] 00000000
[22] 00000000
[23] 00000000
[24] 99882211
[25] 00000000
[26] 00000000
[27] 00000000
[28] 00000000
[29] 00000000
[30] 00000000
[31] 00000060
Memory I/O: 

Cycle 28
PC: 0040
Instruction: a52a0000
Registers:
[0] 00000000
[1] 00000000
[2] 00000000
[3] 00000000
[4] 00000100
[5] 00000000
[6] 00000004
[7] 00000000
[8] 00000000
[9] 00000000
[10] 00000000
[11] 00000000
[12] 00000000
[13] 01234567
[14] 89abcdef
[15] a0b1c2d3
[16] 00000000
[17] 00000000
[18] 00000000
[19] 00000000
[20] 00000000
[21] 00000000
[22] 00000000
[23] 00000000
[24] 99882211
[25] 00000000
[26] 00000000
[27] 00000000
[28] 00000000
[29] 00000000
[30] 00000000
[31] 00000060
Memory I/O: 

Cycle 29
PC: 0044
Instruction: ad280004
Registers:
[0] 00000000
[1] 00000000
[2] 00000000
[3] 00000000
[4] 00000100
[5] 00000000
[6] 00000004
[7] 00000000
[8] 00000000
[9] 00000100
[10] 00000000
[11] 00000000
[12] 00000000
[13] 01234567
[14] 89abcdef
[15] a0b1c2d3
[16] 00000000
[17] 00000000
[18] 00000000
[19] 00000000
[20] 00000000
[21] 00000000
[22] 00000000
[23] 00000000
[24] 99882211
[25] 00000000
[26] 00000000
[27] 00000000
[28] 00000000
[29] 00000000
[30] 00000000
[31] 00000060
Memory I/O: R 4 0100 01234567

Cycle 30
PC: 0048
Instruction: 03e00008
Registers:
[0] 00000000
[1] 00000000
[2] 00000000
[3] 00000000
[4] 00000100
[5] 00000000
[6] 00000004
[7] 00000000
[8] 01234567
[9] 00000100
[10] 00000000
[11] 00000000
[12] 00000000
[13] 01234567
[14] 89abcdef
[15] a0b1c2d3
[16] 00000000
[17] 00000000
[18] 00000000
[19] 00000000
[20] 00000000
[21] 00000000
[22] 00000000
[23] 00000000
[24] 99882211
[25] 00000000
[26] 00000000
[27] 00000000
[28] 00000000
[29] 00000000
[30] 00000000
[31] 00000060
Memory I/O: R 2 0104 cdef

Cycle 31
PC: 0048
Instruction: 03e00008
Registers:
[0] 00000000
[1] 00000000
[2] 00000000
[3] 00000000
[4] 00000100
[5] 00000000
[6] 00000004
[7] 00000000
[8] 01234567
[9] 00000100
[10] ffffcdef
[11] 00000000
[12] 00000000
[13] 01234567
[14] 89abcdef
[15] a0b1c2d3
[16] 00000000
[17] 00000000
[18] 00000000
[19] 00000000
[20] 00000000
[21] 00000000
[22] 00000000
[23] 00000000
[24] 99882211
[25] 00000000
[26] 00000000
[27] 00000000
[28] 00000000
[29] 00000000
[30] 00000000
[31] 00000060
Memory I/O: W 2 0100 cdef

Cycle 32
PC: 0048
Instruction: 03e00008
Registers:
[0] 00000000
[1] 00000000
[2] 00000000
[3] 00000000
[4] 00000100
[5] 00000000
[6] 00000004
[7] 00000000
[8] 01234567
[9] 00000100
[10] ffffcdef
[11] 00000000
[12] 00000000
[13] 01234567
[14] 89abcdef
[15] a0b1c2d3
[16] 00000000
[17] 00000000
[18] 00000000
[19] 00000000
[20] 00000000
[21] 00000000
[22] 00000000
[23] 00000000
[24] 99882211
[25] 00000000
[26] 00000000
[27] 00000000
[28] 00000000
[29] 00000000
[30] 00000000
[31] 00000060
Memory I/O: W 4 0104 01234567

Cycle 33
PC: 0048
Instruction: 03e00008
Registers:
[0] 00000000
[1] 00000000
[2] 00000000
[3] 00000000
[4] 00000100
[5] 00000000
[6] 00000004
[7] 00000000
[8] 01234567
[9] 00000100
[10] ffffcdef
[11] 00000000
[12] 00000000
[13] 01234567
[14] 89abcdef
[15] a0b1c2d3
[16] 00000000
[17] 00000000
[18] 00000000
[19] 00000000
[20] 00000000
[21] 00000000
[22] 00000000
[23] 00000000
[24] 99882211
[25] 00000000
[26] 00000000
[27] 00000000
[28] 00000000
[29] 00000000
[30] 00000000
[31] 00000060
Memory I/O: 

Cycle 34
PC: 0060
Instruction: 20a50001
Registers:
[0] 00000000
[1] 00000000
[2] 00000000
[3] 00000000
[4] 00000100
[5] 00000000
[6] 00000004
[7] 00000000
[8] 01234567
[9] 00000100
[10] ffffcdef
[11] 00000000
[12] 00000000
[13] 01234567
[14] 89abcdef
[15] a0b1c2d3
[16] 00000000
[17] 00000000
[18] 00000000
[19] 00000000
[20] 00000000
[21] 00000000
[22] 00000000
[23] 00000000
[24] 99882211
[25] 00000000
[26] 00000000
[27] 00000000
[28] 00000000
[29] 00000000
[30] 00000000
[31] 00000060
Memory I/O: 

Cycle 35
PC: 0064
Instruction: 00a6802a
Registers:
[0] 00000000
[1] 00000000
[2] 00000000
[3] 00000000
[4] 00000100
[5] 00000000
[6] 00000004
[7] 00000000
[8] 01234567
[9] 00000100
[10] ffffcdef
[11] 00000000
[12] 00000000
[13] 01234567
[14] 89abcdef
[15] a0b1c2d3
[16] 00000000
[17] 00000000
[18] 00000000
[19] 00000000
[20] 00000000
[21] 00000000
[22] 00000000
[23] 00000000
[24] 99882211
[25] 00000000
[26] 00000000
[27] 00000000
[28] 00000000
[29] 00000000
[30] 00000000
[31] 00000060
Memory I/O: 

Cycle 36
PC: 0068
Instruction: 1600fff8
Registers:
[0] 00000000
[1] 00000000
[2] 00000000
[3] 00000000
[4] 00000100
[5] 00000000
[6] 00000004
[7] 00000000
[8] 01234567
[9] 00000100
[10] ffffcdef
[11] 00000000
[12] 00000000
[13] 01234567
[14] 89abcdef
[15] a0b1c2d3
[16] 00000000
[17] 00000000
[18] 00000000
[19] 00000000
[20] 00000000
[21] 00000000
[22] 00000000
[23] 00000000
[24] 99882211
[25] 00000000
[26] 00000000
[27] 00000000
[28] 00000000
[29] 00000000
[30] 00000000
[31] 00000060
Memory I/O: 

Cycle 37
PC: 0068
Instruction: 1600fff8
Registers:
[0] 00000000
[1] 00000000
[2] 00000000
[3] 00000000
[4] 00000100
[5] 00000000
[6] 00000004
[7] 00000000
[8] 01234567
[9] 00000100
[10] ffffcdef
[11] 00000000
[12] 00000000
[13] 01234567
[14] 89abcdef
[15] a0b1c2d3
[16] 00000000
[17] 00000000
[18] 00000000
[19] 00000000
[20] 00000000
[21] 00000000
[22] 00000000
[23] 00000000
[24] 99882211
[25] 00000000
[26] 00000000
[27] 00000000
[28] 00000000
[29] 00000000
[30] 00000000
[31] 00000060
Memory I/O: 

Cycle 38
PC: 0068
Instruction: 1600fff8
Registers:
[0] 00000000
[1] 00000000
[2] 00000000
[3] 00000000
[4] 00000100
[5] 00000001
[6] 00000004
[7] 00000000
[8] 01234567
[9] 00000100
[10] ffffcdef
[11] 00000000
[12] 00000000
[13] 01234567
[14] 89abcdef
[15] a0b1c2d3
[16] 00000000
[17] 00000000
[18] 00000000
[19] 00000000
[20] 00000000
[21] 00000000
[22] 00000000
[23] 00000000
[24] 99882211
[25] 00000000
[26] 00000000
[27] 00000000
[28] 00000000
[29] 00000000
[30] 00000000
[31] 00000060
Memory I/O: 

Cycle 39
PC: 0068
Instruction: 1600fff8
Registers:
[0] 00000000
[1] 00000000
[2] 00000000
[3] 00000000
[4] 00000100
[5] 00000001
[6] 00000004
[7] 00000000
[8] 01234567
[9] 00000100
[10] ffffcdef
[11] 00000000
[12] 00000000
[13] 01234567
[14] 89abcdef
[15] a0b1c2d3
[16] 00000001
[17] 00000000
[18] 00000000
[19] 00000000
[20] 00000000
[21] 00000000
[22] 00000000
[23] 00000000
[24] 99882211
[25] 00000000
[26] 00000000
[27] 00000000
[28] 00000000
[29] 00000000
[30] 00000000
[31] 00000060
Memory I/O: 

Cycle 40
PC: 004C
Instruction: ac8d0000
Registers:
[0] 00000000
[1] 00000000
[2] 00000000
[3] 00000000
[4] 00000100
[5] 00000001
[6] 00000004
[7] 00000000
[8] 01234567
[9] 00000100
[10] ffffcdef
[11] 00000000
[12] 00000000
[13] 01234567
[14] 89abcdef
[15] a0b1c2d3
[16] 00000001
[17] 00000000
[18] 00000000
[19] 00000000
[20] 00000000
[21] 00000000
[22] 00000000
[23] 00000000
[24] 99882211
[25] 00000000
[26] 00000000
[27] 00000000
[28] 00000000
[29] 00000000
[30] 00000000
[31] 00000060
Memory I/O: 

Cycle 41
PC: 0050
Instruction: ac8e0004
Registers:
[0] 00000000
[1] 00000000
[2] 00000000
[3] 00000000
[4] 00000100
[5] 00000001
[6] 00000004
[7] 00000000
[8] 01234567
[9] 00000100
[10] ffffcdef
[11] 00000000
[12] 00000000
[13] 01234567
[14] 89abcdef
[15] a0b1c2d3
[16] 00000001
[17] 00000000
[18] 00000000
[19] 00000000
[20] 00000000
[21] 00000000
[22] 00000000
[23] 00000000
[24] 99882211
[25] 00000000
[26] 00000000
[27] 00000000
[28] 00000000
[29] 00000000
[30] 00000000
[31] 00000060
Memory I/O: 

Cycle 42
PC: 0054
Instruction: ac8f0008
Registers:
[0] 00000000
[1] 00000000
[2] 00000000
[3] 00000000
[4] 00000100
[5] 00000001
[6] 00000004
[7] 00000000
[8] 01234567
[9] 00000100
[10] ffffcdef
[11] 00000000
[12] 00000000
[13] 01234567
[14] 89abcdef
[15] a0b1c2d3
[16] 00000001
[17] 00000000
[18] 00000000
[19] 00000000
[20] 00000000
[21] 00000000
[22] 00000000
[23] 00000000
[24] 99882211
[25] 00000000
[26] 00000000
[27] 00000000
[28] 00000000
[29] 00000000
[30] 00000000
[31] 00000060
Memory I/O: 

Cycle 43
PC: 0058
Instruction: ac98000c
Registers:
[0] 00000000
[1] 00000000
[2] 00000000
[3] 00000000
[4] 00000100
[5] 00000001
[6] 00000004
[7] 00000000
[8] 01234567
[9] 00000100
[10] ffffcdef
[11] 00000000
[12] 00000000
[13] 01234567
[14] 89abcdef
[15] a0b1c2d3
[16] 00000001
[17] 00000000
[18] 00000000
[19] 00000000
[20] 00000000
[21] 00000000
[22] 00000000
[23] 00000000
[24] 99882211
[25] 00000000
[26] 00000000
[27] 00000000
[28] 00000000
[29] 00000000
[30] 00000000
[31] 00000060
Memory I/O: W 4 0100 01234567

Cycle 44
PC: 005C
Instruction: 0c00000c
Registers:
[0] 00000000
[1] 00000000
[2] 00000000
[3] 00000000
[4] 00000100
[5] 00000001
[6] 00000004
[7] 00000000
[8] 01234567
[9] 00000100
[10] ffffcdef
[11] 00000000
[12] 00000000
[13] 01234567
[14] 89abcdef
[15] a0b1c2d3
[16] 00000001
[17] 00000000
[18] 00000000
[19] 00000000
[20] 00000000
[21] 00000000
[22] 00000000
[23] 00000000
[24] 99882211
[25] 00000000
[26] 00000000
[27] 00000000
[28] 00000000
[29] 00000000
[30] 00000000
[31] 00000060
Memory I/O: W 4 0104 89abcdef

Cycle 45
PC: 005C
Instruction: 0c00000c
Registers:
[0] 00000000
[1] 00000000
[2] 00000000
[3] 00000000
[4] 00000100
[5] 00000001
[6] 00000004
[7] 00000000
[8] 01234567
[9] 00000100
[10] ffffcdef
[11] 00000000
[12] 00000000
[13] 01234567
[14] 89abcdef
[15] a0b1c2d3
[16] 00000001
[17] 00000000
[18] 00000000
[19] 00000000
[20] 00000000
[21] 00000000
[22] 00000000
[23] 00000000
[24] 99882211
[25] 00000000
[26] 00000000
[27] 00000000
[28] 00000000
[29] 00000000
[30] 00000000
[31] 00000060
Memory I/O: W 4 0108 a0b1c2d3

Cycle 46
PC: 005C
Instruction: 0c00000c
Registers:
[0] 00000000
[1] 00000000
[2] 00000000
[3] 00000000
[4] 00000100
[5] 00000001
[6] 00000004
[7] 00000000
[8] 01234567
[9] 00000100
[10] ffffcdef
[11] 00000000
[12] 00000000
[13] 01234567
[14] 89abcdef
[15] a0b1c2d3
[16] 00000001
[17] 00000000
[18] 00000000
[19] 00000000
[20] 00000000
[21] 00000000
[22] 00000000
[23] 00000000
[24] 99882211
[25] 00000000
[26] 00000000
[27] 00000000
[28] 00000000
[29] 00000000
[30] 00000000
[31] 00000060
Memory I/O: W 4 010c 99882211

Cycle 47
PC: 005C
Instruction: 0c00000c
Registers:
[0] 00000000
[1] 00000000
[2] 00000000
[3] 00000000
[4] 00000100
[5] 00000001
[6] 00000004
[7] 00000000
[8] 01234567
[9] 00000100
[10] ffffcdef
[11] 00000000
[12] 00000000
[13] 01234567
[14] 89abcdef
[15] a0b1c2d3
[16] 00000001
[17] 00000000
[18] 00000000
[19] 00000000
[20] 00000000
[21] 00000000
[22] 00000000
[23] 00000000
[24] 99882211
[25] 00000000
[26] 00000000
[27] 00000000
[28] 00000000
[29] 00000000
[30] 00000000
[31] 00000060
Memory I/O: 

Cycle 48
PC: 0030
Instruction: 00054880
Registers:
[0] 00000000
[1] 00000000
[2] 00000000
[3] 00000000
[4] 00000100
[5] 00000001
[6] 00000004
[7] 00000000
[8] 01234567
[9] 00000100
[10] ffffcdef
[11] 00000000
[12] 00000000
[13] 01234567
[14] 89abcdef
[15] a0b1c2d3
[16] 00000001
[17] 00000000
[18] 00000000
[19] 00000000
[20] 00000000
[21] 00000000
[22] 00000000
[23] 00000000
[24] 99882211
[25] 00000000
[26] 00000000
[27] 00000000
[28] 00000000
[29] 00000000
[30] 00000000
[31] 00000060
Memory I/O: 

Cycle 49
PC: 0034
Instruction: 00894820
Registers:
[0] 00000000
[1] 00000000
[2] 00000000
[3] 00000000
[4] 00000100
[5] 00000001
[6] 00000004
[7] 00000000
[8] 01234567
[9] 00000100
[10] ffffcdef
[11] 00000000
[12] 00000000
[13] 01234567
[14] 89abcdef
[15] a0b1c2d3
[16] 00000001
[17] 00000000
[18] 00000000
[19] 00000000
[20] 00000000
[21] 00000000
[22] 00000000
[23] 00000000
[24] 99882211
[25] 00000000
[26] 00000000
[27] 00000000
[28] 00000000
[29] 00000000
[30] 00000000
[31] 00000060
Memory I/O: 

Cycle 50
PC: 0038
Instruction: 8d280000
Registers:
[0] 00000000
[1] 00000000
[2] 00000000
[3] 00000000
[4] 00000100
[5] 00000001
[6] 00000004
[7] 00000000
[8] 01234567
[9] 00000100
[10] ffffcdef
[11] 00000000
[12] 00000000
[13] 01234567
[14] 89abcdef
[15] a0b1c2d3
[16] 00000001
[17] 00000000
[18] 00000000
[19] 00000000
[20] 00000000
[21] 00000000
[22] 00000000
[23] 00000000
[24] 99882211
[25] 00000000
[26] 00000000
[27] 00000000
[28] 00000000
[29] 00000000
[30] 00000000
[31] 00000060
Memory I/O: 
